10.839
14.679
18.359
21.839
25.679
30.64
35.719
40.92
47.52
54.84
56.84
61
64.239
68.2
73.359
79.799
84.079
141.28
143.4
147.599
175.28
179.52
185.199
193.919
203.28
205.879
213.759
216.08
226.759
230.4
234.12
244.84
250.199
270.319
275.36
279.6
299.399
303.439
308.079
311.92
316.68
320.6
323.279
326.04
330.639
333.72
339.319
342.519
347.199
372.56
379.8
387.36
393.16
398.839
403.72
406.279
416.759
424.439
437.16
440
443.879
448.16
455.16
464.04
476.879
516.519
521.879
526.36
531.799
539.039
545.32
564.559
567.799
573.039
585.24
590.759
594.08
599.96
603.12
607.44
613.96
619.639
621.879
632.879
640.679
677.399
687.159
692.559
697.639
702.879
705.72
709.84
712.799
719.36
723.679
727.2
730.84
734.679
737.48
742.84
747.6
753.44
757.08
761.12
764.36
771.399
773.559
778.519
784.12
789.6
792.639
796.08
799.72
802.919
808.919
814.24
820.36
833.399
838.639
842.639
846.919
852.96
857.96
861.519
865.96
868.44
873.159
880.159
903.679
932.039
949.639
958.639
969.32
976
979.6
991.919
1001.639
1005.679
1012.039
1017.48
1021.879
1025.68
1029.48
1034.48
1038
1042.359
1054.599
1067.359
1072.759
1075.119
1078.88
1083.519
1087.319
1101.24
1116.68
1123.4
1128.839
1132.44
1136.319
1154.48
1157.599
1160.799
1164.96
1169.039
1171.759
1174.119
1178.519
1184.119
1186.6
1190.64
1197.48
1201.48
1204.88
1209.359
1214.2
1220.319
1225.4
1229.079
1232.559
1235.16
1238.519
1242.119
1246.599
1254.88
1260.519
1269.039
1275.319
1279.16
1283.839
1287.039
1295.279
1300.119
1302.519
1306.839
1311.079
1323.039
1328.759
1332.559
1337.48
1339.68
1344.839
1349.119
1353.2
1357.359
1363.4
1367.68
1371.68
1377.599
1383.119
1386.16
1389.599
1393.799
1396.92
1400.44
1404.48
1408.68
1418.2
1425
1428.48
1433.759
1438.72
1445.2
1447.72
1451.799
1455.24
1459.24
1463.24
1465.96
1470.88
1473.88
1478.24
1481.92
1494.92
1501
1505.44
1508.48
1516.16
1520.68
1525.599
1529.4
1533.359
1538.759
1541.119
1545.039
1550.039
1552.72
1556.44
1559.039
1562.079
1566.599
1574.44
1578.279
1581.839
1587.48
1590.799
1594.599
1600.119
1604.319
1612.48
1618
1622.16
1627.279
1634.4
1664.319
1684.279
1690.319
1694
1703.44
1716.64
1727.24
1729.799
1758.16
1761.599
1766.44
1768.48
1773.119
1778.599
1787.759
1792.559
1799.96
1808.599
1812.559
1820.119
1823.599
1827.039
1832.039
1834.16
1838.519
1844.24
1849.279
1853.16
1859.92
1864.839
1868.68
1872.64
1885.599
1892.519
1895.16
1898.359
1902.039
1908.319
1910.96
1914.68
1917.279
1923.119
1926.48
1928.319
1932.359
1937.16
1945.839
1948.16
1951.359
1954.24
1957.079
1966.2
1969.279
1981.16
1985.16
2008.2
2012.4
2016.88
2020.319
2024.359
2028.72
2038.039
2043.519
2048.199
2053.239
2061.039
2067.8
2073.48
2078.4
2081.8
2086.28
2089.36
2093.8
2096.88
2100.519
2107.639
2128.079
2133.239
2136.4
2141.639
2144.96
2147.28
2151.76
2156.48
2160.44
2168.119
2172.92
2201.96
2208.48
2210.28
2214.32
2219.039
2223.159
2226.159
2231.039
2234.519
2245.36
2249.559
2254.4
2257.4
2261.32
2267.36
2280.88
2288.639
2301.88
2307.199
2312.079
2317.559
2321.92
2330.32
2343.039
2355.8
2365.159
2367.719
2370.36
2373.159
2377.28
2388.28
2400.039
2404.719
2441.159
2443.84
2447
2449.84
2453.44
2456.32
2460.519
2466.039
2473.28
2477.28
2496.079
2500.079
2510.599
2513.44
2515.96
2535.559
2538.199
2540.4
2569.8
2574.079
2577.32
2581.44
2586
2607
2610.039
2619.599
2623.519
2626.239
2630.039
2633.519
2639.96
2644.76
2659.28
2665.599
2668.88
2672.239
2677.039
2680.559
2686
2692.679
2696.559
2705.84
2708.4
2714.039
2717.519
2722.639
2727.28
2730.079
2735.96
2738.44
2742.92
2748.36
2753.44
2756.559
2759.84
2764.519
2772.079
2774.48
2777.28
2782.559
2787.239
2793.44
2799.119
2804
2808
2812.079
2817.4
2820.36
2831.199
2834.519
2841.8
2845.48
2850.199
2853.4
2860.88
2865
2869.92
2874.119
2878.119
2882.28
2887.599
2892.48
2899.199
2901.679
2906.48
2911.679
2915.76
2919.599
2921.119
2927.559
2930.92
2936.4
2944.36
2949.079
2953.28
2958.44
2962.84
2965.4
2971.8
2980.36
2996.88
3000.159
3007.4
3015.079
3029.8
3034.039
3042.039
3050.44
3057.159
3060.159
3079.599
3084
3087.079
3090.519
3096.079
3100.8
3103.639
3108.679
3111.84
3116.679
3131.519
3134.76
3141.199
3145.4
3151.48
3157.4
3160.199
3179.96
3185.44
3190.88
3194.519
3198.679
3202.4
3209.36
3214
3217.32
3222.639
3229.599
3233.8
3240.079
3245.92
3253.159
3257.28
3260.599
3267.559
3272.559
3277.079
3281.32
3288.4
3291.679
3296.96
3299.92
3304.239
3309.8
3312.44
3320.039
3324.48
3329.8
3334.159
3337.639
3342.28
3346.48
3350.039
3356.28
3367.079
3377.44
3382.119
3385.36
3392.28
3397.079
3400.159
3417.84
3422.119
3431.88
3440.4
3443.84
3447.48
3452.92
3455.96
3460.88
3466.119
3480.36
3483.48
3487.519
3494.88
3497.719
3501.519
3505.119
3508.719
3513.679
3520.44
3525
3531.36
3534.76
3540.8
3544.079
3548.36
3550.8
3554.4
3559.639
3566.44
3571.039
3575.719
3582.039
3584.8
3588.92
3591.76
3594.199
3597.96
3602.84
3606.28
3610.239
3615.039
3621.32
3625.4
3633.559
3639.44
3643.92
3647.76
3654
3658.679
3661.92
3666.039
3668.4
3673.4
3690.4
3693.559
3697.76
3703.159
3706
3709.8
3713.719
3715.76
3722.079
3726.519
3733.039
3734.84
3738.079
3741.8
3747.039
3757.079
3763.92
3768.519
3779.44
3785.719
3789.199
3793.36
3796.039
3799.519
3805.32
3810.36
3815.559
3821.88
3827.039
3852.96
3855.119
3859.599
3866.159
3878.84
3894.079
3898.36
3901.199
3906.159
3910.519
3919.639
3923
3927.559
3932.199
3940.96
3945.92
3948.92
3951.8
3956.88
3962.039
3966.32
3969.44
3975.84
3979.48
3988.119
3993.559
3999.36
4005.92
4011.84
4016.88
4020.239
4024.28
4034.28
4054.039
4058.92
4061.44
4089.679
4095.36
4097.399
4102.88
4107.319
4131.8
4150.6
4153.88
4160.92
4164.72
4176
4180.199
4184.84
4188.76
4192.079
4195.64
4202.56
4205.92
4211.96
4243.239
4268.439
4273.239
4278.439
4282.039
4286.96
4291.52
4298.88
4303.92
4318.439
4322.319
4325.64
4329.199
4336.84
4340.76
4344.92
4347.159
4354.199
4359.119
4363.079
4367.72
4370.039
4373.8
4379.199
4381.88
4385.8
4389.039
4392
4395.439
4398.159
4404.319
4408.64
4413.56
4418.84
4425.8
4429
4435.399
4439.479
4443.399
4445.92
4452.079
4456.279
4461.039
4464.479
4468.399
4472.359
4476.399
4480.079
4483.159
4486.64
4490.199
4493.92
4498.96
4503.84
4509.279
4518.319
4520.96
4524.8
4527.479
4533.88
4540.6
4545.359
4549.52
4555.96
4560.8
4568.199
4571.479
4588.079
4595.199
4602.399
4609.039
4613.439
4616.88
4619.92
4624.199
4626.6
4630.159
4634.68
4637.76
4645.68
4649.439
4656.56
4660.68
4666
4670.359
4675.52
4679.279
4691.359
4697.76
4703.439
4707.52
4712.239
4714.479
4724.039
4727.56
4734.119
4736.56
4741.56
4746.239
4751.88
4756.399
4759.319
4762.399
4765.8
4768.92
4772.079
4775.119
4781.68
4786.52
4800.039
4806.56
4815.6
4825.399
4828.8
4832.88
4837.119
4842.079
4847.079
4851.199
4856.279
4860.64
4866.199
4870.399
4874.479
4879.239
4885.159
4888.88
4893.399
4896.76
4900.319
4903.399
4911.84
4918.68
4927.159
4931.359
4937.079
4941.079
4944.96
4947.6
4952.239
4955.68
4960.119
4963.96
4968.52
4970.359
4975.199
4979.56
4982.56
4985.199
4989.96
4994.119
4998.56
5001.119
5005.399
5009.199
5014.199
5022.64
5025.399
5030.159
5033.039
5073.079
5092.239
5095.399
5121.92
5126.6
5130.64
5134.6
5139
5141.96
5148.199
5153.119
5164.159
5168.279
5172.68
5177.119
5180.239
5184.8
5188.239
5193.479
5197.119
5209.039
5213.239
5215.88
5220.279
5225.239
5228.76
5236.52
5264.72
5268.439
5273.399
5280.239
5286.84
5291.56
5295.479
5301.319
5311.72
5335.72
5338.52
5342.039
5358.88
5361.72
5364.039
5373.239
5388.239
5393.119
5406.76
5410.64
5414.6
5420.8
5431.399
5437.319
5441.079
5443.84
5448.399
5455
5459
5464.319
5474.56
5482.52
5486
5495.64
5507.56
5512.279
5519.68
5526.6
5537.96
5541.52
5545.359
5548.92
5553.359
5579.479
5583.92
5589.119
5593.199
5599.119
5605.1
5612.439
5616.92
5620.96
5626.119
5630.6
5632.76
5637.72
5642.039
5647.359
5651.479
5656.84
5661.439
5676.239
5684.399
5687.319
5697.279
5707.8
5712.319
5714.56
5719.399
5724.96
5729.439
5743.039
5750.84
5814.439
5820.92
5824.52
5826.88
5831.239
5838.279
5844.96
5850.56
5854.56
5859.68
5863.119
5865.199
5868.8
5872.92
5878.399
5881.88
5886
5889.439
5893.84
5896.88
5900.92
5907.64
5911.84
5916.279
5921.72
5926.079
5931.88
5934.479
5939.68
5944.079
5949.039
5953.56
5956.479
5961.64
5965.159
5970.359
5974.92
5977.439
5987.119
5993.319
5997.119
6000.479
6010.319
6016.72
6024.8
6031.56
6038.8
6041.96
6048.6
6054.72
6082.84
6087.199
6091.319
6094.359
6097.68
6099.52
6102.079
6111.439
6116.359
6118.92
6121.439
6125.399
6144.279
6154.479
6159.52
6164.64
6172.84
6175
6182.64
6185.88
6190.88
6195.52
